频繁1-项集,时间62ms 
1 : 737
2 : 2263
16 : 2955
20 : 1493
30 : 857
42 : 502
43 : 499
45 : 494
频繁2-项集,时间125ms 
1 16 : 708
1 20 : 420
1 30 : 232
1 43 : 418
2 16 : 2253
2 20 : 1178
2 30 : 700
2 42 : 499
2 45 : 494
16 20 : 1493
16 30 : 857
16 42 : 502
16 43 : 499
16 45 : 494
20 30 : 853
20 42 : 499
20 43 : 498
20 45 : 491
30 43 : 310
30 45 : 494
频繁3-项集,时间187ms 
1 16 20 : 420
1 16 30 : 232
1 16 43 : 418
1 20 30 : 231
1 20 43 : 417
1 30 43 : 229
2 16 20 : 1178
2 16 30 : 700
2 16 42 : 499
2 16 45 : 494
2 20 30 : 697
2 20 42 : 496
2 20 45 : 491
2 30 45 : 494
16 20 30 : 853
16 20 42 : 499
16 20 43 : 498
16 20 45 : 491
16 30 43 : 310
16 30 45 : 494
20 30 43 : 309
20 30 45 : 491
频繁4-项集,时间219ms 
1 16 20 30 : 231
1 16 20 43 : 417
1 16 30 43 : 229
1 20 30 43 : 228
2 16 20 30 : 697
2 16 20 42 : 496
2 16 20 45 : 491
2 16 30 45 : 494
2 20 30 45 : 491
16 20 30 43 : 309
16 20 30 45 : 491
频繁5-项集,时间234ms 
1 16 20 30 43 : 228
2 16 20 30 45 : 491
产生规则！
1 30  -> 16,20,43 : 0.982759
1 16 30  -> 20,43 : 0.982759
1 20 30  -> 16,43 : 0.987013
1 16 20 30  -> 43 : 0.987013
30 43  -> 1,16,20 : 0.735484
1 30 43  -> 16,20 : 0.995633
16 30 43  -> 1,20 : 0.735484
1 16 30 43  -> 20 : 0.995633
20 30 43  -> 1,16 : 0.737864
16 20 30 43  -> 1 : 0.737864
2 30  -> 16,20,45 : 0.701429
2 16 30  -> 20,45 : 0.701429
2 20 30  -> 16,45 : 0.704448
2 16 20 30  -> 45 : 0.704448
45  -> 2,16,20,30 : 0.993927
2 45  -> 16,20,30 : 0.993927
16 45  -> 2,20,30 : 0.993927
2 16 45  -> 20,30 : 0.993927
30 45  -> 2,16,20 : 0.993927
2 30 45  -> 16,20 : 0.993927
16 30 45  -> 2,20 : 0.993927
2 16 30 45  -> 20 : 0.993927
